Year,Reg,PopD5a0,PopD5a1,PopD5a5,PopD5a10,PopD5a15,PopD5a20,PopD5a25,PopD5a30,PopD5a35,PopD5a40,PopD5a45,PopD5a50,PopD5a55,PopD5a60,PopD5a65,PopD5a70,PopD5a75,PopD5a80,PopD5a85
2012,Белгородская область,1.1324169705978273,4.300533888053719,4.687079753182345,4.226278102534052,5.276188644776694,7.474042957913926,8.441057277651671,7.42694283149069,6.989593795516588,6.434591892021824,7.066513174392604,8.431702218058643,7.490869072043053,6.352280360741493,2.9087089108241937,4.88100234266284,2.887270232590169,2.2936787082741605,1.2992488666735098
2012,Брянская область,1.124668215721984,4.4146486683715285,4.798759271875107,4.399068023030737,5.296544991895679,7.197224737295215,8.108771982819954,7.259626811746853,6.965899849837556,6.710011598041608,7.154457455696514,8.36879387521652,7.440553081112363,6.2209701177531125,2.8984769919179376,4.492551895075483,3.1342534923301093,2.620887126968746,1.3938318132929932
2012,Владимирская область,1.112121742172468,4.146650341087983,4.63536820010495,4.1230715410180165,4.561413328668882,7.134930907818786,8.107958719608186,7.437677103375896,7.057407731327619,6.459821584747245,6.900892076263775,8.4055973412629,7.882595767010669,6.675948924260975,3.290397061395837,4.991708938254329,3.3406331992303655,2.3953122266923215,1.3404932656987931
2012,Воронежская область,1.0498917186639987,3.8710363286882954,4.2140129594669435,4.023341786650617,5.123130367985076,7.729426974826947,8.201303834170949,7.189820697081462,6.829611644658892,6.40385937658071,6.932491773876334,8.41765217257113,7.603270216374058,6.484791744898431,3.154904895893883,5.206034605446131,3.32139923834411,2.7448847142418678,1.4991349495801634
2012,Ивановская область,1.0074387075209768,4.096508778096277,4.600180245236958,4.0360758638985645,4.609853342438177,7.627763895978769,8.038726867171137,7.299932096773112,7.173032554281877,6.624539211000897,6.909464598858575,8.009611802327864,7.795175518827582,6.744543080239778,3.109948636811594,4.9802084600333485,3.4260961007840955,2.5323402286873415,1.3785600110330773
2012,Калужская область,1.143697498857386,4.103363225165876,4.5525287229515685,4.155765866574207,4.592421711241745,7.256091314557691,8.486174370774298,7.616113221225827,7.033478589777939,6.5404800554758795,7.032296575310082,8.528529889205844,7.745740807867488,6.5245228601598075,3.1934090873272285,4.742734551070906,3.0917558430915193,2.3468897259302453,1.3140060834344613
2012,Костромская область,1.2116275906963383,4.6087385717494715,5.0268257313087075,4.439731116167412,4.590707034897136,6.758922936573305,7.966271857508072,7.389109868598995,6.938627066559293,6.293770409636787,6.968883374158974,8.924693884100005,8.046496915537531,6.4985353196548346,2.773189244035458,4.652594936805576,3.307564535328823,2.3158300084503725,1.2878795982329094
2012,Курская область,1.1730071695184265,4.204176309238738,4.511339307485435,4.382811376552897,5.069841845443154,6.7591043594995,7.7222153249237895,6.963194923905927,6.9154100433993895,6.505531881447051,7.207567695991697,8.870302902551892,7.967124002211502,6.462480830224339,3.0718979350679394,4.999638263988689,3.2883143191190434,2.548497187837453,1.3775443215931389
2012,Липецкая область,1.1159390988187803,4.256434683380338,4.80609423028816,4.330796355250037,4.873602291847288,6.753204919521481,8.151598433264683,7.232614960745947,7.059646970532903,6.7061720187651845,7.129810806087376,8.63983249776401,7.667390864822816,6.4187487363655995,3.104342790173294,4.951476439001155,3.1230188782696002,2.393366390580398,1.2859086345209496
2012,Московская область,1.2402006227798754,4.153474485287895,4.578636520296398,4.167282442307689,4.494490009943096,7.539882780014773,8.86324558353862,8.509133006581473,7.779539697397938,6.930719464284079,6.941929884834804,7.970444956630026,7.217719901627192,6.013761748213134,3.1362245190216917,4.422551920994425,2.8274047753383873,2.064631355573623,1.1487263253348805
2012,Орловская область,1.0773377341975685,4.14174792970442,4.600985310316196,4.261923398742206,5.216386535720391,7.328775662603835,7.583393421067852,7.101020656042384,6.864268555542274,6.474437328171572,6.966449836702745,8.55893546384518,8.003300648176353,6.778024983644569,3.0663381442079922,4.826812368176507,3.225458177008826,2.5631435332102015,1.3612603129189271
2012,Рязанская область,1.0454566829980267,3.873022950408516,4.267779730419349,3.9793538633565038,4.778533870009806,7.318893461824502,7.776438602388571,7.096478104192102,6.87981036347581,6.6711544524001525,6.817457428446523,8.327948571020515,7.801693282777528,6.880768299628495,3.400934597344601,5.4336751133412635,3.556033168974712,2.575803229464026,1.518764227528995
2012,Смоленская область,1.042926844284373,3.9919348632466796,4.348812034087003,3.8891197611241943,4.7455018392821415,7.562963989061787,8.419140847455019,7.566657944826666,7.0682817462149785,6.549691400778809,7.130565944806144,8.724405247469385,8.06667590155608,6.69827051043286,3.0395099352018593,4.312898575261784,2.919764202490342,2.433188140349797,1.489690272070103
2012,Тамбовская область,0.8928728668791716,3.61542604022516,4.27333236318876,4.174433230108715,5.003350706336311,7.121849849426765,7.564995824361813,6.873443404577166,6.941013665135136,6.64978491524057,7.287670420261068,8.721012682632033,7.855297684536791,6.833957902522715,3.248006955380456,5.3308208442667695,3.360438678366487,2.696692950169482,1.5555990163846296
2012,Тверская область,1.124892527382154,4.1535643527344766,4.588463982654854,4.148031849276663,4.547344024522448,6.984337034129565,8.057044596463683,7.298568277821389,6.9163769578707335,6.350117752607379,6.898957048334642,8.443572202908301,7.956188553698927,6.800942020859033,3.1616761990205973,4.966692833912751,3.3738551829838133,2.6879742813352774,1.541400321483309
2012,Тульская область,0.969941133804556,3.6535699186371695,4.096456262791729,3.86373245036195,4.474179939465951,6.853199112029365,7.979905591706758,7.4816180510932195,7.361765287691884,6.709492157853976,6.653121278843208,8.202867933115176,7.99399831145945,7.188644629445509,3.4799320963631732,5.329052077124671,3.423496571848952,2.738448171760517,1.5465790246027857
2012,Ярославская область,1.150285225957612,4.268692627642164,4.716161542900569,4.073102356543484,4.529952667312065,7.057174481342848,8.11940072591504,7.537123522233119,7.238180230009744,6.631779437873088,6.831469142303945,7.869414127908627,7.616274119646691,6.867023842934943,3.2867995093293643,5.151095652393281,3.1939315773042756,2.3855548583015103,1.47658435214763
2012,Москва,1.091160748385361,3.538467857610882,4.16195791371963,4.00519460242336,4.23890238809354,7.539019258994438,9.017411068455836,8.67855093689337,7.826668114619714,7.323960813764353,7.155504459556486,8.090930884421796,6.925155766213637,5.993437098955203,3.7023235309349865,4.37139519432094,2.8410352501448024,2.0932332658311683,1.4056908466604967
2012,Республика Карелия,1.0193867498758682,4.49079046097665,5.158642657829655,4.51918607694736,4.694953353458793,6.699937656552645,8.284381300773028,7.766438920078239,7.613832313576435,6.678680603256136,7.043699107996935,8.554536239310002,8.076252540138551,6.601901395826955,2.8952423859297345,3.9457215421198994,2.970752515550169,1.9797613816450104,1.0059027981579336
2012,Республика Коми,1.1712532180896347,4.952172874689618,5.726799759121777,5.047244355416503,5.181624236828544,6.764587244652515,9.04961657169041,8.480787447822097,7.940182669794579,6.985925535719795,7.517503093822525,9.045502901851265,7.480594333876871,5.584763881064663,2.242178599546811,3.056913764910625,1.9538789049867962,1.197192191797571,0.6212784143173994
2012,Архангельская область,1.136241799626083,4.797009334521648,5.442987717029304,4.717015901521802,4.70671308240245,7.071503239943443,8.498318043838077,8.061579028486038,7.545600444947766,6.37158164188406,6.886722597851652,8.277351890692952,8.011321374245298,6.288153935844429,2.8661102585923834,3.945979722711769,2.563224129034852,1.8429481810079675,0.9696376758180272
2012,Ненецкий автономный округ,1.4616004169232957,6.30833372814706,7.144549201686644,6.604444023309802,5.746908608518501,7.030842848344151,9.105983796844647,8.925948737385701,7.464348320462406,6.5357464348320455,7.01662955417634,8.215284028995121,6.950300848059886,4.7472402520490835,1.8524660065381153,2.1841095371203867,1.407116122613351,0.8859620031269247,0.4121855308665372
2012,Вологодская область,1.3405069836170467,4.79543652931649,5.299630207850419,4.545929153938617,4.857917787027454,7.138984880036821,8.622330033019841,7.90245907185261,7.027554401712721,6.1176502035235085,7.0237119714256835,8.472141127452577,7.870717256437951,6.132101082646499,2.5487842467040718,4.083250428723336,2.7643779982441763,2.2498264641538843,1.2066901723162922
2012,Калининградская область,1.1996740873130602,4.41443477803769,4.972796803953006,4.552474570925434,4.99918521828265,8.434094672378901,8.611559387073882,7.764606933529581,7.4216626803690176,6.8566772675900864,6.891055799405999,7.892553946434673,7.379399164191658,6.346466212842011,2.939101637448419,3.917260230767209,2.602570504901832,1.8039792887744106,1.000446815780482
2012,Ленинградская область,0.8241221487099595,3.681891584760462,4.359394269081464,4.134680288112373,4.283976953288542,7.49263057762031,9.10009028432442,8.212455819066797,7.415504410261084,6.493123296488595,6.830963251147066,8.506207403314603,8.012520185809127,6.7417611993859525,3.1915081469498423,4.371413191764475,3.011680000455694,2.1643174704439883,1.1717595190152459
2012,Мурманская область,1.121427134952843,4.631639740727181,5.268090570162999,4.731419554780922,4.517034760502663,7.8447044506438,9.190184966508017,8.577970060899204,8.364616582528477,7.336394622718859,7.4029144987546855,8.499847880903639,7.489287206010509,5.791225564258716,2.5641091751019713,3.157115821932995,1.859720410257468,1.1303222346553086,0.5219747636997426
2012,Новгородская область,1.1631726834620255,4.366442452135141,4.867496547478941,4.224514334739856,4.55094900474901,6.983501255027286,8.08352389973815,7.31360373031744,6.831048131173474,6.191733723715391,6.810476527640899,8.462583602039937,8.06024130969353,6.773639005036055,3.176797782731973,4.771336261198766,3.403723300769601,2.595051971206134,1.3701644771463837
2012,Псковская область,1.0401006860977942,4.058115097022175,4.612764954469154,4.12217708001251,4.553840017284648,7.4653362725293455,7.817979358141236,7.01236970412127,6.787397315742477,6.41617021148009,6.953746946101813,8.488968194131981,8.061082496422953,7.009196822888258,3.266254595011928,4.7005480019158155,3.4412163315751547,2.663860429487247,1.5288754855641458
2012,Санкт-Петербург,1.0922361746471012,3.5109226603620294,3.87206831686933,3.6245359265373875,4.359329277603176,8.329343497676074,9.226404543256555,8.326337434386696,7.493876887971984,6.966263011426426,6.923083201660461,7.884525761663774,7.181067136541566,6.3537029623260635,3.777486815625398,4.277946584047041,3.0605904903685532,2.2451908461988532,1.4950884708315308
2012,Республика Адыгея,1.3205333094916125,5.167022429843874,5.489332692587087,5.043418008694777,5.787726729176678,7.798924887403748,8.148280602152461,7.230746879156003,6.697437387543446,6.4026196090702845,6.599090289341633,7.793784016361381,6.820818292560266,5.859028375372993,2.950859978318935,4.830854166899496,2.936107913588663,2.03176164239654,1.0916527900401212
2012,Республика Калмыкия,1.502242309824756,6.199512938022416,6.387249363099791,5.538399994385452,6.24864022682771,8.367430011158913,9.112059345764877,7.394358783608329,6.207583849754714,6.011425603739289,7.762111631236533,8.713075578824734,7.231536912139353,4.6706015285605,1.6605023616189547,3.025539171994638,2.040537031448483,1.3183658860106535,0.6088274719799
2012,Краснодарский край,1.2856158584320667,4.575726115761748,5.225930841826821,4.720113843086529,5.326463448747145,7.457360469940657,8.334556746010142,7.700272029406961,7.202002016284218,6.597304487077195,6.572354377908734,7.70010306704239,6.994422364609519,6.197182834174703,3.1354533729581364,4.998451178324757,2.856496509049812,1.9502574798700114,1.169932959488457
2012,Астраханская область,1.438546752769465,5.351905068990214,5.5870730893093645,4.725549806783815,5.418176090722949,8.390267966727787,8.803347429546177,7.7367703129597,7.045233687075962,6.318828003419545,6.800754043374334,7.759355952653367,7.040676935207942,5.702774962827801,2.613792495425913,3.8510496874167277,2.514732672208073,1.8067521156701745,1.0944129269106906
2012,Волгоградская область,1.1319064736694635,4.410191898788622,4.886287124000202,4.491127701666006,5.22822162072789,7.83820855923094,8.43944595203436,7.569039203375871,7.122620439219332,6.545124215259944,6.809591586376423,7.77569528672279,7.181665034461308,6.255875072119582,3.11182745720134,4.804503422235531,3.0151669840506363,2.1747835641738056,1.2087184046859516
2012,Ростовская область,1.1233669761638165,4.167408563685027,4.80467757566118,4.380464965922001,5.312592590507331,7.952174209853284,8.537692239299734,7.672892502230383,7.001443444222599,6.446351989726749,6.756083731494508,7.973568995015155,7.241876726156837,6.230175514653668,3.1421479379016364,5.029252442278066,3.0070933565673195,2.0879621256000567,1.1327741130606483
2012,Республика Дагестан,1.8610509068343488,7.021601871919944,8.149264488851255,7.964049300594435,8.719243596523674,10.581992790431714,9.218539996189044,7.533329732964737,6.752627165188647,6.683846538704133,6.484060047355037,5.980789655937229,3.9957298269819095,2.8018000484351475,1.3642340062965692,1.9552379079412923,1.6172787802766375,0.917041054052062,0.3982822845221852
2012,Республика Ингушетия,2.393764479341847,8.863485256665387,9.592082287523207,9.179586399828835,8.869926910237858,10.204959613132692,9.032348603886618,7.493943695346596,6.085522153536813,6.5739375297638905,5.644959060990956,5.568579454345931,3.5946727524955655,2.2959893804739675,1.1937764424127675,1.5347239636414667,1.063563016626368,0.5631845694789852,0.25099443027025037
2012,Кабардино-Балкарская Республика,1.6135160054301243,5.878387456969046,6.125221815014386,6.092210181019585,6.835840673113008,9.449898764322416,9.117234157890591,7.5287374961196845,6.416650836526388,6.61865887051563,7.243099989343612,7.48437449324246,5.648695982542058,4.0387707162482105,2.215601877377417,3.5001598458067114,2.190235042834043,1.370967368289372,0.6317384273952547
2012,Карачаево-Черкесская Республика,1.4240646657122225,5.806906629164608,6.413992322213636,5.850194478582017,6.345998724592144,8.573528107539689,8.68565419554283,7.61253785047321,6.743613458509125,6.568350458428883,6.979690608014797,7.6300641504812345,6.234506117312184,4.441333350226152,2.0495212997335157,3.6811564824082406,2.540468860199251,1.6466275597900222,0.7717906810762415
2012,Республика Северная Осетия — Алания,1.4151390052899884,5.340019192637263,6.020665297648407,5.910993084714717,6.558002608954962,8.501433794587902,8.055254443773912,7.2081213969639455,6.901152264886661,6.633614250603833,6.875147513366301,7.055060821439222,5.822803057819587,4.753640311887422,2.727106985526377,4.330356448825052,2.980935973192493,1.9226556504509138,0.9878978974310415
2012,Чеченская Республика,2.727026393426152,9.926001589268479,10.950120717423802,9.375922886988397,8.246537556362707,10.02426526778565,9.224455249305077,7.57924269225734,5.871464105975589,5.427108292510648,5.181943839757895,5.3041074369848955,3.890587085519085,2.3757584799042784,0.8619193613698155,1.2647928318511323,1.0303605082005645,0.5199374035250097,0.21844830158348377
2012,Ставропольский край,1.2136675909617982,4.780313262262773,5.46717183869143,5.079096208322506,6.081277373732838,8.867280415743886,8.610345617939238,7.7229082252998795,6.988676404381438,6.319141678082228,6.499580627372895,7.473066938144944,6.668684217936886,5.481644026248128,2.750820655019764,4.459501222828557,2.6598169731669246,1.842031438866949,1.0349752849969398
2012,Республика Башкортостан,1.4253488653426032,5.355161837840464,5.544105771304716,5.190240775916666,5.825902152071402,8.016302180731987,8.654221068819025,7.187721687058297,6.512701081127371,6.450545888469586,7.425717428703725,8.49396225979889,6.870516722396948,5.170266702950445,2.3556891631820416,3.754512263320118,2.80218576231393,1.98906431774186,0.9758340709099221
2012,Республика Марий Эл,1.3710149324895429,5.010439016637409,5.271233826748444,4.5904221119322655,5.1492887742643925,7.880915743770905,9.039249257710063,7.493407887417554,6.637625250139066,6.166749745345788,7.319303872911294,8.968885228610853,7.902154988694075,5.83096739703662,2.4141941729336884,3.6190517471807433,2.5003070299011,1.8381338361399477,0.9966551801362491
2012,Республика Мордовия,0.9816186383654749,3.953559551773642,4.519915368489579,4.237405475785041,5.111655780035806,7.465621485326733,8.232867827637387,7.19234235437866,6.986229160948048,6.83282847544253,7.645864254360927,8.97363645859396,7.751289270211117,6.3745697371904955,2.8595928262406267,4.484935639728227,2.9939247012755454,2.0998768422049863,1.302266152011213
2012,Республика Татарстан,1.3714219118117412,4.780679107706909,5.043868359383982,4.858104619295388,5.632856220067187,8.320668613584244,8.808974565340547,7.333003388640008,6.9224887794415535,6.314477708351189,7.201069062615629,8.30402330447798,7.069944790880565,5.557913132913708,2.5761816862926272,4.033208044936585,2.7336196570386924,2.021294498111267,1.1162025491101946
2012,Удмуртская Республика,1.4851501509341924,5.569792274628184,5.830019082417935,5.187086352072264,5.372953200816175,7.432955408480736,8.691059817794965,7.868605621877295,7.375318178002539,6.263752461314645,6.762592115464823,8.316550015169431,7.396469455242245,5.853153291898862,2.62560058060256,3.2902794678603042,2.2615342211141303,1.5957316722530275,0.821396632055686
2012,Чувашская Республика,1.348775803935545,4.9308958558431,5.159057393568194,4.720272828422685,5.447396939127692,7.867309101762782,8.337711256585992,7.228199350109696,7.155309944898505,6.8567530103083,7.59900207485404,8.293543173295767,7.004140858373312,5.585613272629707,2.569150403989126,3.921063831327802,2.9050370118883744,1.9232826942369903,1.1474851948423908
2012,Пермский край,1.437189293633919,5.1526573833531755,5.482315173691277,4.9449809629948005,5.1782936301153635,7.414542674461505,8.688709781711543,7.647132658068001,7.515261934737875,6.528152326470376,6.579881251687847,7.8593353593829045,7.354712086691594,6.2003963348535045,2.7982686024441916,3.824517228394616,2.515585240520484,1.8621271999056708,1.0159408768813545
2012,Кировская область,1.0700069330408593,4.468722375569459,4.778306675320891,4.256688782736499,4.524781616840044,6.671049711199569,8.097852740381645,7.462285859418677,7.038447486982434,6.10618611820644,6.85532063216519,9.20515622985967,8.58339441375381,6.872481624390881,2.760250260656404,4.306264982499601,3.2232919664437776,2.432437173607462,1.2870744169266874
2012,Нижегородская область,1.138303304065834,4.172998260857931,4.558048390054382,4.140398850140935,4.818661216402004,7.681479429376509,8.508415787237757,7.5225573021311565,7.049379288365812,6.479436978983415,6.704318175114181,8.324770412872146,7.688260836643197,6.441333376718121,3.1838555067611845,4.534419899264171,3.4116560531054128,2.3318613929010525,1.3098455390047996
2012,Оренбургская область,1.322781333588078,5.176938049293084,5.4280505668067764,4.955976945612024,5.42456773022545,7.429238711629092,8.411050343905234,7.547555645777608,6.9513935326709975,6.437227343650491,7.123843698254999,8.490060979493059,7.189221516367342,5.670406238058846,2.6841723984205834,4.2130879028149275,2.636656556489619,1.9072013119347853,1.0005691950070055
2012,Пензенская область,1.0266748678076758,4.090793343650427,4.441968536512224,4.0934200436178125,4.904851441875873,7.395254866508918,7.924753801600974,7.168045319330103,6.871520078567514,6.5947680514482965,7.153744397285451,8.437179186905025,7.826398480599997,7.037002176512779,3.3079637894816716,5.075659903643889,3.0333277151139586,2.2336435028211485,1.38303049671626
2012,Самарская область,1.1699362734313532,4.19906131646885,4.7014968969499,4.104068084387053,4.940828880428473,7.603964297211667,8.691616606445246,7.815329676544472,7.548341828966193,6.815616800347033,6.786935494095318,7.876794057655951,7.42820972715781,6.628333774584198,3.3558371274692957,4.566387124921227,2.6733587642987033,1.996815536007935,1.0970677326293208
2012,Саратовская область,1.0991396360956074,4.182630437107482,4.704589574890939,4.440687925366483,5.149461442649099,7.775398148394784,8.16950134992174,7.399145480256873,7.094811776263244,6.724562294187127,7.07521197011447,7.9403466183973395,7.288901540194908,6.353120126138469,3.450042956573111,5.082710784385832,2.8886059130985147,2.0310646988408285,1.15006732712315
2012,Ульяновская область,1.1152876511427858,4.062150885038255,4.438901258341546,4.193218336595004,5.0443341726455255,7.6126451495641785,8.154072022073859,6.965847253537567,6.667439648648352,6.523837354145351,7.608022926227749,8.968915156348663,8.021751086222483,6.61377485228471,3.164342759012944,4.636716748587088,2.9030696263520004,2.1655508045018887,1.140122308730048
2012,Курганская область,1.3404632167958392,4.948500129736804,5.25309958145779,4.697713247819857,4.798231066887784,6.813325661939734,7.572906442842477,6.971491747611151,6.735145135998015,6.196455364898862,6.787603930461074,8.511411197978362,8.200945386446453,6.768425446463826,2.9780801209372636,4.796877291546801,3.0364052752112456,2.2978080120937263,1.2951117428729368
2012,Свердловская область,1.3788883866249775,4.838077098721608,5.165288249877249,4.450888060063239,4.89388019127055,7.506791579624125,8.823197201774102,8.018714214179505,7.561481393518724,6.413435974532823,6.402511927737082,7.779312916885167,7.527132108371183,6.374865507820898,2.903778630105977,4.168370408218409,2.757452066975772,1.954917317026275,1.0810167666723336
2012,Тюменская область,1.628204510629708,5.893564140677329,6.280622918329709,5.38713906245699,5.4013609421307125,7.769189215227504,10.101548808573499,9.020112490480516,8.134341710479232,7.065521575967776,7.389298723700992,8.63970588235294,6.676656390211678,4.43453118261811,1.6756585647829558,2.0051129951278592,1.2218487067264905,0.8326681163808528,0.44291406314514575
2012,Ханты-Мансийский автономный округ — Югра,1.7050702954760588,6.036326211667841,6.584014688038016,5.702224170462559,5.389468066858526,7.414346248896174,10.378572744541222,9.552942372321434,8.560165685134715,7.435311009040259,7.711664665485017,9.022978647709442,6.497233286956742,3.961640841893944,1.369380014865921,1.3722388457946597,0.7081006562605221,0.4044292820522594,0.19389226654468988
2012,Ямало-Ненецкий автономный округ,1.466175067526153,5.9201832437670685,6.775483273570424,6.242209421983628,5.886631040099569,6.660581034195132,10.204555976884594,9.951696073267517,9.432855292532103,8.342314952099075,8.419353810799311,9.451599540391042,5.934803757097041,3.033756515969162,0.9280277114960347,0.7235279673550179,0.3452690455616433,0.18425595645336337,0.09672031895212158
2012,Челябинская область,1.3896784299674192,4.978932172966343,5.198166197535714,4.614996801640867,5.0935448269842745,7.7959573199932475,8.730084902940998,7.780223919591989,7.287894813605142,6.401225827123234,6.3935601010153205,7.759408745703461,7.3404926047276,6.284804406270851,2.966779556685604,4.226772275681331,2.766724202678353,1.9320787956254255,1.058674099262827
2012,Республика Алтай,2.1395827621205346,8.011409825341165,8.03257476273624,6.6150049785705,5.815066549297469,6.803565329908462,8.899856174629974,8.02439740056087,7.381752937837617,6.093096863260074,6.146971249356635,7.4919068165529055,6.455786926802988,4.533625794286429,1.658561457686961,2.2242425117008433,1.6422067333362194,1.3444545458918375,0.6859363801222756
2012,Республика Бурятия,1.691875435632443,6.686887218943075,6.8506901653369905,5.728778973096576,5.615733319331322,8.968700355918784,9.458461899599397,8.091927325440729,7.086459333936655,5.821439345035309,6.1879625940374074,7.465955035010177,6.529364586647228,4.969375747074248,1.9643998851011388,2.9381574382084015,1.9840644751459142,1.2989954586122152,0.6607714078919869
2012,Республика Тыва,2.679140973846481,10.131508579307855,9.508437554365685,7.641157481684805,7.544507374403185,7.92305362792286,9.190458701409158,7.861519726286896,7.252624050412695,6.8048118866745275,6.295787988324666,5.522587130071714,3.8753471349686532,2.8817840321136092,1.7870604836371369,1.6929877125496942,0.7680461858645997,0.44072448920418306,0.1984548869515912
2012,Республика Хакасия,1.5526604575255354,5.873172195803671,5.9157545231998645,5.059981053678119,5.230497950608251,7.45959837549359,9.00212911636981,8.35945487117439,7.590159167862535,6.056445032218127,6.17593817121097,7.89817758893985,7.564647288893892,6.0048585122447635,2.3127643809148632,3.329487792753501,2.1551910108144106,1.6205670765450164,0.8385154337488394
2012,Алтайский край,1.3206902271436398,4.954954954954955,5.336292215592941,4.717498789472009,4.915246285899066,7.247753611897187,8.194352991637723,7.6997957600524085,7.267398512516608,6.1538803076835435,6.249005188934518,8.62984986101966,8.027224732636673,6.531782852221759,2.7524641993676773,4.084003102972789,2.7060536452390647,2.076327769093252,1.1354249916645305
2012,Забайкальский край,1.4992858144143633,6.020873093023703,6.550075907986876,5.85329830968443,6.102232528565133,9.013947462694224,9.199388338297663,8.340533215814148,7.404166739199947,5.94684333635988,5.885732138717838,7.3239067554901585,6.808080604478617,5.131416561226182,2.0822701481419723,2.922342968501621,1.9576656072226657,1.3196170609270395,0.6383234092535364
2012,Красноярский край,1.3851946028547262,5.037886581169077,5.388317674015379,4.795074832372321,5.483029730723037,8.067757983086882,9.196776343439353,8.366700605446734,7.566765317732045,6.51645679136091,6.655306847016992,7.906504815613949,7.216474903766853,5.716943540289552,2.5327474057935078,3.6302888664975006,2.2383065076291913,1.506600477253104,0.7928661739388856
2012,Иркутская область,1.5483291303937097,5.695481657705942,5.900753971478864,5.2705399165132425,5.66899756899167,8.23403518918591,8.866146857984642,8.018367251805518,7.354367420115613,6.308699693122841,6.266787178895894,7.521728709700973,6.9668416734148835,5.708847459486976,2.537150947342454,3.6387982824119662,2.2687623473813137,1.4627714980052366,0.7625932460623481
2012,Кемеровская область,1.3193395542479347,5.163475697412032,5.592302037134591,4.773338812517896,5.028864081977927,7.26636778880658,8.798025744881297,8.144312395124983,7.372709143462101,6.2280914586653084,6.21840087958399,8.258668514434227,7.678363122756321,6.218437310332416,2.7658588512510685,3.759981114300016,2.607822264579039,1.8338510142684668,0.9717902142638037
2012,Новосибирская область,1.3334883700261737,4.634696026863811,4.935647428785574,4.215874769851979,4.903060098443363,8.31691623130487,9.145486136312803,8.234151818447096,7.409247988102662,6.31946100555614,6.425888263969226,7.981118604551265,7.448945281428629,6.031433442599639,2.869129281345679,4.015758936705035,2.7427422830979884,1.9262074716823503,1.1107465609257172
2012,Омская область,1.3998693759734002,4.9331630247734,5.187255682576511,4.397929299618735,5.351322301845026,7.856421155408591,8.953531035385714,7.921276441342758,7.17564364304016,6.271272711402605,6.930939269977128,8.45772810613938,7.344379030936174,5.805867525720094,2.627501787580162,3.8309276488030446,2.6931690332756335,1.8444680927724924,1.0173348334289922
2012,Томская область,1.315116816479754,5.012403203139001,5.298572924231991,4.677092274172098,5.394874600315032,9.62281057526339,9.61913205874308,8.307976721592892,7.208666207638109,6.287527942577414,6.183963554390168,7.6340536308844475,7.075013440733439,5.791305496080965,2.6088227803925634,3.3378292979692707,2.198621027909565,1.5515794040803237,0.8746380434064949
2012,Республика Саха (Якутия),1.7349925186093709,6.616351569941853,7.254805394966191,6.693204429652447,7.1504528045020095,8.84978977867422,9.182296028850669,7.79664419635435,7.087297529311262,6.547654523914832,6.920312472225795,7.773013249014767,6.225186198272013,4.235899591477383,1.8846203311887726,1.8247064691286767,1.2411475438976214,0.685088349420153,0.296537020597612
2012,Камчатский край,1.231737313357626,4.704600354624447,5.508016843086556,4.9672618016559635,4.820498930772646,7.825988366050536,9.473448832983223,8.66026914924776,8.523269473637798,7.628834809885393,7.348851564788249,7.950075428557031,6.961788113467225,6.032709853583565,3.0687927336631824,2.9872228118632274,1.3725162903637262,0.6661018710691329,0.2680154573427102
2012,Приморский край,1.1666378874403345,4.295813444832279,4.977881108904704,4.4941845406218786,5.027473882852104,8.645999070842121,8.627138399299431,8.171552968166065,7.837508376810522,7.091561108575799,6.7455936948826425,7.507626494978024,7.15955203078555,6.4396602406765595,3.5112711784270916,4.085313960802694,2.2025358609716688,1.3326837450818358,0.6800120050486986
2012,Хабаровский край,1.2661984665426815,4.60603927452346,5.092011913301945,4.382925858039615,5.154650706699815,9.469568731907456,9.203353859966503,8.326261612412027,7.744541103725368,6.815846421609788,6.453361689815678,7.108682780744835,6.977663304554288,6.29669013632886,3.2607220463198963,3.7614595435421645,2.0979521588758425,1.2878237642633752,0.6942466268264056
2012,Амурская область,1.3878241689988617,5.188415684577191,5.967729511834591,5.197463256465651,5.456663964621549,8.06089749467844,8.790205147579346,8.188663881481698,7.723814309590793,6.646052874499174,6.302489671707631,7.52330055422491,7.2824395188158935,6.089015880933954,2.8414266309165312,3.4751234565637077,2.0690818793029457,1.2123746330537144,0.5970174801534175
2012,Магаданская область,1.2201650389094896,4.567947981407009,5.5419909124144775,4.975322504831044,4.798401838408106,6.721679636496579,8.863660103410457,9.096072491774168,8.581631587193817,7.505745025330339,7.4417663341515645,9.01120279939416,8.332245260354103,6.499059904945945,2.557189115788374,2.4213976079803623,0.9844884316080849,0.5666684075834334,0.31336501801848854
2012,Сахалинская область,1.0130346091345988,4.546961404622009,5.445289826334019,4.792034021367078,4.699699608087193,7.619216133709992,8.83074939341985,8.568592876420352,8.282437547158683,7.070904287448824,6.718650534583712,8.033704094644808,8.240744695347281,6.789223313015695,2.951853908247253,3.055170828833556,1.7441848640711342,1.0679471456666891,0.5296009078872707
2012,Еврейская автономная область,1.3135357837237294,5.413850569391723,6.0474724562540505,5.140149060272197,5.574715304138506,8.609156559577817,8.967340986945652,8.198314970836034,7.735394870845293,6.497083603370059,6.067146560503657,7.076312378483474,7.089042681233219,6.133691324877326,2.928548282566429,3.448754744931025,1.9436857698361263,1.2273169151004537,0.5884871771132303
2012,Чукотский автономный округ,1.3551475824958457,5.634248634960829,7.307905357284166,6.494816807786659,5.867690116325077,6.3108332673894125,9.329745984015194,9.171480572920789,8.459286222995964,7.933053731107067,8.403893329112924,9.276331407770831,7.222837698820923,4.099074147345098,1.549022711086492,1.0860963836353565,0.3442272691303315,0.12067737595948405,0.033631399857561126
2013,Белгородская область,1.1581666000532476,4.369473218490503,4.853300408814219,4.2720470444047,4.935698077322956,6.968692124868743,8.489291865886134,7.607209277770184,7.0513489055426035,6.5376590381885995,6.70167703871071,8.34483683383072,7.7094938049520225,6.644996252590311,3.321558844696589,4.234605336544597,3.27459476476826,2.1129301504858677,1.4124204120790318
2013,Брянская область,1.1327687808635165,4.463120228816245,4.992157507732175,4.467613114412134,4.9569364938644025,6.68533353658292,8.155630347837599,7.386624840041238,7.002483121592729,6.7686123803067195,6.91751944577047,8.265625814836952,7.7304910483266,6.493262677358665,3.3068440286742375,3.919561301813601,3.3582715227271818,2.4730126001371935,1.52413120830542
2013,Владимирская область,1.1197415829451498,4.256537453449617,4.753942449869089,4.262305691281097,4.332931432534831,6.511988789922185,8.151786254429936,7.585443781487895,7.1198344375053635,6.612932951973089,6.586272438093442,8.221849240773281,8.064277865864554,6.880100845679942,3.869291730738658,4.273349756397468,3.6402504822106136,2.289216631095867,1.4679461837479195
2013,Воронежская область,1.0716736687023365,4.0048986387288235,4.324630405252191,4.051321685135152,4.799405716421627,7.300763472649624,8.345560640800928,7.403640029782764,6.888142748081459,6.484566587494584,6.610075987197013,8.237926042900382,7.8214903126718625,6.697863982617291,3.640629896013233,4.500549317949859,3.6091668156233485,2.559054358686832,1.6486396932906908
2013,Ивановская область,1.052474781133415,4.1084336300562265,4.728156626354526,4.209318768988508,4.2424957609863725,7.047547562555073,8.127105602462255,7.4334840000812505,7.234131870321487,6.791030411597824,6.6555173918048,7.914405295163994,7.901540747246455,7.004214348517046,3.7342010293572856,4.189006324908183,3.7007338595868444,2.4160201344683796,1.5101818544100734
2013,Калужская область,1.1663790717259819,4.248258234736365,4.677294919286921,4.272502586391361,4.3962763816826556,6.561287168946814,8.605566974285281,7.804914438051265,7.153065290922404,6.651688172486292,6.683686790460093,8.302365345693046,8.009077399356494,6.6724970896962486,3.703202021213317,4.042034012764111,3.406380485161868,2.2315600602280736,1.411963556911407
2013,Костромская область,1.2413328970196895,4.740434543692078,5.174329939554095,4.540851922970061,4.384952118693776,6.096454128412045,7.916468576156283,7.536289152460747,7.021511085865289,6.405166612127461,6.603823095398331,8.713564209109489,8.356846934176325,6.844618832696357,3.3314707680149174,3.961861659761797,3.4923099720306485,2.2540641998481137,1.3836493520124968
2013,Курская область,1.1841656758359882,4.366007037358119,4.680746750835832,4.3962463844745105,4.839100728338831,6.298015028418725,7.790121037907436,7.1279866946872685,6.930983610810657,6.596561482050084,6.840623431557533,8.677797967164363,8.26294633231611,6.745342648483693,3.486739867358414,4.322974120307869,3.5728057014589143,2.3957078020199525,1.4851276986157
2013,Липецкая область,1.1394961009341467,4.330771110472818,4.961137952765357,4.405451404221023,4.642096192676873,6.207124208504636,8.183365414707131,7.432361174821338,7.140499269059123,6.7827026378177235,6.818113615220718,8.455163957969827,7.937803576251495,6.654005598878509,3.533895507607358,4.337287416241892,3.370301936457445,2.2559279090803863,1.4124950163121996
2013,Московская область,1.284582487545313,4.417871523234258,4.670937023992649,4.326279523861152,4.373685696405128,6.860047532302752,8.953661372060495,8.722480804055918,7.914831516879442,7.112106675025252,6.6356967808350795,7.826902660756975,7.267246829838006,6.105708384814138,3.6047208121282517,3.69990886421627,3.0734308597142266,1.93325404126551,1.216646611069187
2013,Орловская область,1.1031016638493274,4.231967409537503,4.714865836361164,4.339738732262097,4.855538500398313,6.947364330541901,7.653706906043355,7.1859638214778405,6.92961833148749,6.584283780545462,6.638817106106826,8.338547030135816,8.29359913472063,6.987389978044184,3.6168159532645516,4.1633150044365,3.5012726601511646,2.4217459731478423,1.4923478474880343
2013,Рязанская область,1.0720844330861508,3.972115156339464,4.389672099096456,4.033037971148072,4.5410190344519386,6.759028446939546,7.921100590724371,7.226510676330526,6.918667169410813,6.786522267376094,6.606808691887664,8.098893962880723,8.02985392489561,7.025151172371416,3.989396986328152,4.6658322510369095,3.855419162930998,2.4793316295892858,1.629554373175807
2013,Смоленская область,1.05514624447016,4.076917821972794,4.472520033701747,3.9862460434603495,4.48235316036691,6.814149765764572,8.55533773167364,7.714346635311069,7.189050658198447,6.67669300564525,6.828537182674651,8.478535837088899,8.359089224756294,6.915793243503408,3.608964499307541,3.722097209255146,3.2017695487733437,2.281802919300047,1.5806492347757322
2013,Тамбовская область,0.9112601116384585,3.6134182561714576,4.337836930240888,4.192318886003403,4.74370168054685,6.682916181606519,7.729060326557416,7.002776036536224,6.9623854511805625,6.753063341392794,6.97992224112713,8.610377302170084,8.149383600489537,7.034771350108953,3.8003529745380735,4.662640667442763,3.6094071818751674,2.5466590549535835,1.6777484254201367
2013,Тверская область,1.140590262046003,4.260411319953819,4.706186055823069,4.24949838112197,4.309858222109162,6.3595339196717395,8.133601465494793,7.4952321746551895,7.024094263707781,6.494402791303969,6.591189269495401,8.262599928651959,8.140450275382367,7.012278185110536,3.8047020466652315,4.167387924118197,3.6520714263135794,2.5369196009928516,1.658992487382385
2013,Тульская область,0.9869712526533492,3.755215035655951,4.185461561074566,3.9255615106520083,4.245293732482704,6.269464112702526,8.05508453403263,7.6079007019572655,7.416333923218842,6.969150091143477,6.417616875527668,7.963584141749033,8.180070176258308,7.35903261372493,4.082085585962672,4.5720993888941885,3.768972541446108,2.566099299340613,1.6740029215231635
2013,Ярославская область,1.1966689031850652,4.415834550262462,4.841062477799266,4.190472431621739,4.397916091092078,6.42167581008012,8.179737143308206,7.669653076528397,7.287129494415281,6.785096893870623,6.565497099104077,7.723566325926511,7.641867624422781,7.046611674626041,3.845917038323401,4.3925484469353115,3.555906381971031,2.261593716698899,1.5812448198287092
2013,Москва,1.1112578271052393,3.7725761794423875,4.191559658653936,4.160327851914011,4.20483108323377,6.876649351295279,8.968820357913156,8.84015033802779,7.8290854866463935,7.390885654494328,6.820013442236606,7.994262390549473,7.128010970151184,6.03420276375533,4.233107172070425,3.755310767780799,3.1765761784376108,2.014007758382705,1.498364767909578
2013,Республика Карелия,1.0350859672238886,4.430122837933179,5.235672934740938,4.624060513709332,4.546743167884952,6.003530825459313,8.235747030530687,7.8717111939408975,7.697747165836042,6.862236597521335,6.744327645139155,8.383777532223615,8.21158535996057,6.9617826802702245,3.5113350450534617,3.349451852233666,3.1991662612875267,1.9936599776424009,1.1022554114088188
2013,Республика Коми,1.2412042589475472,4.909212946214094,5.821213076499827,5.139074203541213,4.999482346864825,6.149370266236569,8.845703304488227,8.613980822405424,8.059684824852933,7.158503063459622,7.142101020300146,8.85396248934158,7.739321513780624,5.92672125483773,2.666669768707926,2.6696942589359147,2.1528554095915893,1.2227083379379258,0.6885368330562823
2013,Архангельская область,1.1709683686024042,4.770611872083869,5.576137227302317,4.850193073879303,4.524199842541691,6.268084700300943,8.43577779974166,8.153153767241173,7.72687458888726,6.542699489794179,6.594418750489927,8.068630692100843,8.142588382848633,6.687632706340254,3.3794745254949543,3.4400550763263817,2.783637968583318,1.8184389814969444,1.0664221859439489
2013,Ненецкий автономный округ,1.5621671518852516,6.198963289071931,7.230940377287036,6.72205259296078,5.73978082321475,6.3220431252810725,9.098440199768042,9.07950484035125,7.784799640228171,6.589505077043244,6.615541196241331,8.066463111552936,7.086558261734005,4.9279272882198395,2.1396956140973753,2.0213496177424317,1.4556557551658027,0.9088972520059647,0.44971478614878463
2013,Вологодская область,1.3786913984994131,4.977370640939131,5.430208980414679,4.681673651656891,4.645423143061418,6.478208672327216,8.532432065877137,8.111239666930661,7.188400507004804,6.239440888229552,6.659210057046412,8.239330378595959,8.047194311098012,6.532626294930119,3.0235268312367203,3.4658165238692438,2.90397550034911,2.1600447396577214,1.3051857482757987
2013,Калининградская область,1.2332736929747687,4.518043726768656,5.100240610811752,4.748755003173062,4.715096582993015,7.681726812422562,8.785785517709227,7.928798373558445,7.431633287864941,7.030650003490889,6.6246648486256845,7.7483142133360285,7.424964127210071,6.545676977119569,3.448893909284826,3.3797013674905516,2.842000289691666,1.7162668122766744,1.0955138431976126
